000]
[000000000000000000000000000]
[0000000000000000000000000000]
[0000000000000000000000000000]
[0000000000000000011100000000]
[0000000000000000011100000000]
[0000000000000000111110000000]
[0000000000000011000110000000]
[0000000000000111000110000000]
[0000000000001110000011000000]
[0000000001110000111100000000]
[0000000011100000111000000000]
[0000000001110000000000000000]
[0000000000100000000000000000]
[0000000000000000000000000000]
[0000000000000000000000000000]]
:[[6666666666]
[6666666666]
[6666666666]
[6666666666]
[6666666666]
[6666666666]]:

[[0000000000000000000000000000]
[0000000000000000000000000000]
[0000000000000000000000000000]
[0000000000000000000000000000]
[0000000000000000000000000000]]
:[[22222222222]
[2222222222]
[2222222222]
[2222222222]
[2222222222]
[2222222222]
[2222222222]
[2222222222]]:

[[0000000000000000000000000000]
[0000000000000000000000000000]
[000000000000000000000000000]
[000000000000000000000000000]
[0000000000000000000000000000]
[0000000000000000000000000000]
[0000000000000000100000000000]
[0000000000001110000000000000]
[0000000000011100000000000000]
[0000000000110000000000000000]
[0000000000000000000000000000]]
:[[9999999999]
[9999999999]
[9999999999]]:

[[0000000000000000000000000000]
[0000000000000000000000000000]
[0000000000000000000000000000]
[0000000000000000000000000000]
[0000000000000001110000000000]
[0000000000000011100000000000]
[0000000000000111000000000000]
[0000000000111000000000000000]
[0000000011111000000000000000]
[0000000011110000000000000000]
[0000000001100000000000000000]
[0000000001100000000000000000]
[0000000011100000000000000000]
[0000000001100000000000000000]
[0000000011000000000000000000]
[0000000000000000000000000000]
[0000000000000000000000000000]
[0000000000011100000000000000]
[0000000000111111111100000000]
[0000000001111111111111100000]
[0000000000111111111111100000]
[0000000000011111111111000000]
[0000000000000001111100000000]
[00000000000000011100000000000]
[00000000000000111000000000000]
[0000000000001100011000000000]
[0000000000001111100000000000]
[0000000000000111000000000000]
[0000000000000011000000000000]
[0000000000000110000000000000]
[0000000000001100000000000000]
[0000000000000000000000000000]
[0000000000000000000000000000]
[0000000000000000000000000000]
[0000000000000000000000000000]
[0000000000000111111000000000]
[0000000000011111111100000000]
[0000000000111111110000000000]
[0000000000111111100000000000]
[0000000001111111000000000000]
[0000000001111110000000000000]
[0000000111111110000000000000]
[0000001111111100000000000000]
[0000000111111000000000000000]
[0000000111000000000000000000]
[0000011100000000000000000000]
[0000000000000000000000000000]]
:[[7777777777]
[7777777777]
[7777777777]
[7777777777]
[7777777777]
[7777777777]
[7777777777]
[7777777777]]:

[[0000000000000000000000000000]
[0000000000000000000000000000]
[0000000000000000000000000000]
[0000000000000000000000000000]
[0000000000001100000000000000]
[0000000000011100000000000000]
[0000000000000000000000000000]
[0000000000000000000000000000]
[0000000000000000000000000000]
[0000000000000000000111000000]
[0000000000000000001110000000]
[0000000000000000011110000000]
[0000000000000000001100000000]
[0000000000000000001100000000]
[0000000000000000001100000000]
[0000000000000000001100000000]
[0000000000000000001100000000]
[0000000000000000001100000000]
[0000000000000000001100000000]
[0000000000000000001100000000]
[0000000000000000000100000000]
[0000000000000000011100000000]
[0000000000000000011100000000]
[0000000000000000010100000000]
[0000000000000000011110000000]
[0000000000000000001100000000]
[0000000000000000001100000000]
[0000000000000000001000000000]
[0000000000000000001100000000]
[0000000000000000011100000000]
[0000000000000000011110000000]
[0000000000000000001100000000]
[0000000000000000001100000000]
[0000000000000000011000000000]
[0000000000000001111000000000]
[0000000000000111111000000000]
[0000000000000011100000000000]
[0000000000000011010000000000]
[0000000000000001110000000000]
[0000000000000011100000000000]
[0000000000000011100000000000]
[0000000000000001110000000000]
[0000000000000001110000000000]
[0000000000000011100000000000]
[0000000000000011000000000000]
[0000000000011110000000000000]
[0000000000111111000000000000]
[0000000011111111100000000000]
[0000000011111111000000000000]
[0000000111111110000000000000]
[0000000111111100000000000000]
[0000000111111000000000000000]
[00000000110011000000000000000]
[0000000111111000000000000000]
[0000001111100000000000000000]
[0000000110000000000000000000]
[0000000000000000000000000000]
[0000000000000000000000000000]
[0000000000000000000000000000]]
:[[4444444444]
[4444444444]
[4444444444]
[4444444444]
[4444444444]
[4444444444]
[4444444444]
[4444444444]
[4444444444]
[4444444444]
[4444444444]
[4444444444]
[4444444444]
[4444444444]
[4444444444]
[4444444444]
[
000]
[000000000000000000000000000]
[0000000000000000000000000000]
[0000000000000000000000000000]
[0000000000000000000000000000]
[0000000000000000000000000000]
[0000000000000000000000000000]
[0000000000000000000000000000]
[0000000000011111110000000000]
[0000000001111111111100000000]
[0000000001111100001100000000]
[0000000001101000001110000000]
[0000000001000000011100000000]
[0000000000000001111000000000]
[0000000000000000110000000000]
[0000000000000001111000000000]
[0000000000000000111000000000]
[0000000000000000111000000000]
[0000000000000000111000000000]
[0000000000000001111000000000]
[0000000000000000111000000000]
[0000000000000000111000000000]
[0000000000000001111000000000]
[0000000000000001110000000000]
[0000000000000010110000000000]
[0000000000000111100000000000]
[0000000000011111100000000000]
[0000000000111111100000000000]
[0000000001111000011000000000]
[0000000001111000000000000000]
[0000000001100000000000000000]
[0000000001110000000000000000]
[0000000000110000000000000000]
[0000000000111000000000000000]
[0000000001110000000000000000]
[0000000011100000000000000000]
[0000000000000000000000000000]
[0000000000000111111000000000]
[0000000000001111111100000000]
[0000000000011110011100000000]
[0000000001111111111100000000]
[0000000011111111110000000000]
[0000000111111111100000000000]
[0000000011111111110000000000]
[0000000001110001110000000000]
[0000000011000001100000000000]
[0000000111100111000000000000]
[0000000011111110000000000000]
[0000000011011110000000000000]
[0000000001111000000000000000]
[0000000000011000000000000000]
[0000000000011000000000000000]
[0000000000110000000000000000]
[0000000001110000000000000000]
[0000000000000000000000000000]
[0000000000000000000000000000]
[0000000000000000000000000000]
[0000000000000000000000000000]
[0000000000000001110000000000]
[0000000000001111100000000000]
[0000000000011110000000000000]
[000000000011100000000000000]
[0000000001111000000000000000]
[0000001111111111111110000000]
[0000011111111111111110000000]
[0000001110000000001110000000]
[0000011000000000001100000000]
[0000001110000000111100000000]
[0000001110000000001110000000]
[0000011111000001101110000000]
[0000111111111000000110000000]
[]
[000000000000001100000000000]
[000000011100000110000000000]
[0000000001111111100000000000]
[0000000000000000000000000000]
[0000000000000000000000000000]
[0000000000000000000000000000]
[0000000000000000000000000000]
[0000000000000000000000000000]
[0000000000000000000000000000]
[0000000000000111100000000000]
[0000000000111111100000000000]
[0000000001111111000000000000]
[0000000001111110000000000000]
[0000000000111100000000000000]
[0000000001110000000000000000]
[0000000001100000000000000000]
[0000000011100000000000000000]
[0000000011111110000000000000]
[0000000011111111000000000000]
[0000000000000000000000000000]
[0000000000000000000000000000]
[0000000000000000000000000000]
[0000000000000000000000000000]
[0000000000000000000000000000]]
:[[6666666666]
[6666666666]
[6666666666]
[6666666666]
[6666666666]
[6666666666]
[6666666666]
[6666666666]
[6666666666]]:

[[0000000000000000000000000000]
[0000000000000000000000000000]
[0000000000000000000000000000]
[0000000000000000000000000000]
[0000000000000000000110000000]
[0000000000000001111111000000]
[0000000000000011111110000000]
[00000000000001111111000000000]
[00000000000011111100000000000]
[0000000000011111000000000000]
[0000000001110111000000000000]
[0000000011111010000000000000]
[0000000000000110000000000000]
[0000000000000110000000000000]
[0000000000001100000000000000]
[0000000000111000000000000000]
[0000000000011000000000000000]
[0000000000011000000010000000]
[0000000000011000000000000000]
[0000000000111111110000000000]
[0000000000111111111110000000]
[0000000001111111111110000000]
[0000000001111111111110000000]
[0000000000111100011100000000]
[0000000000110000001110000000]
[0000000000111111001100000000]
[0000000000110000111100000000]
[0000000011000000011000000000]
[0000000110000001111000000000]
[0000000011000000110000000000]
[0000000011000001110000000000]
[0000000000000001110000000000]
[0000000000000000110000000000]
[0000000000000001110000000000]
[0000000000000011110000000000]
[0000000000000111110000000000]
[0000000000000111110000000000]
[0000000000000011000000000000]
[0000000000000110000000000000]
[0000000000001110011100000000]
[0000000000011111111100000000]
[0000000000011111111100000000]
[0000000000011111110000000000]
[0000000000111101100000000000]
[0000000000000111100000000000]
[0000000000000001000000000000]
[0000000000000011000000000000]
[0000000000000111000000000000]
[0000000000000111000000000000]
[0000000000000110000000000000]
[0000000000000111000000000000]
[0000000000000111100000000000]
[0000000000001111000000000000]
[0000000000011111000000000000]
[0000000000111111000000000000]
[0000000001111111000000000000]
[0000000001111100000000000000]
[0000000000011000000000000000]
[0000000000011100000000000000]
[0000000000011100000000000000]
[0000000000000000000000000000]]
:[[3333333333]
[3333333333]]:

[[0000000000000000000000000000]
[0000000000000000000000000000]
[0000000000000000000000000000]
[0000000000000000000001100000]
[0000000000000001111111100000]
[0000000000000111110011100000]
[0000000000001111111111100000]
[0000000000011100000111100000]
[0000000001111111000111100000]
[0000000011111111100011000000]
[0000000000110000011111000000]
[0000000000111111000111000000]
[0000000000111111100001100000]
[0000000000001110000000110000]
[0000000000000000000001111000]
[000000000000000000000011100]
[0000000000000000000000000000]]
:[[9999999999]
[9999999999]
[8999999999]
[9999999999]
[9999999999]]:

[[000000000000000000000000000]
[0000000000000000000000000000]
[0000000000000000000000000000]
[0000000000000000110000000000]
[0000000000000000111000000000]
[0000000000000001110000000000]
[0000000000000011110000000000]
[0000000000000100000000000000]
[0000000000001110000100000000]
[000000000000000000011000000]
[0000000000000000000110000000]
[0000000000000000001110000000]
[0000000000000000001110000000]
[0000000000000000001110000000]
[0000000000000000000110000000]
[0000000000000000000000000000]
[0000000000000000000000000000]
[0000000000000000000000000000]
[0000000000000000000000000000]]
:[[4444444444]
[4444444444]
[4444444444]
[4444444444]
[4444444444]
[4444444444]
[4444444444]
[4444444444]
[4444444444]
[4444444444]
[4444444444]
[4444444444]
[4444444444]
[4444444444]]:

[[0000000000000000000000000000]
[0000000000000000000000000000]
[0000000000000000000000000000]
[0000000000000000000000000000]]
:[[7777777777]
[7777777777]
[777777777]
[777777777]
[7777777777]
[7777777777]]:

[[0000000000000000000000000000]
[0000000000000000000000000000]
[0000000000000000000000000000]
[0000000000000000000000000000]
[0000000000000000000000000000]
[0000000000000000000000000000]]
:[[[000000000]
[0000000000]
[0000000000]
[0000000000]
[0000000000]
[0000000000]
[0000000000]
[0000000000]
[0000000000]
[0000000000]
[0000000000]]:

[[0000000000000000000000000000]
[0000000000000000000000000000]
[0000000000000000000000000000]
[0000000000000000000000000000]
[0000000000000000000000000000]
[0000000000011100000000000000]
[0000000000111100000000000000]
[0000000001111000000000000000]
[0000000000110000000000000000]
[0000000001110000000000000000]
[0000000001100000000000000000]
[0000000000000000000000000000]
[0000000000000000000000000000]
[0000000000000000000000000000]
[0000000000000000001100000000]
[0000000000000111111111000000]
[0000000000001111111000000000]
[0000000000011111110000000000]
[0000000000000011110000000000]
[0000000000000011110000000000]
[0000000000001111110000000000]
[0000000000011111110000000000]
[0000000000110011100000000000]
[0000000000110001100000000000]
[0000000000110001110000000000]
[0000000000000111100000000000]
[0000000000000111000000000000]]
:[[5555555555]
[5555555555]
[5555555555]
[5555555555]
[5555555555]
[5555555555]
[5555555555]
[5555555555]
[5555555555]]:

[[0000000000000000000000000000]
[0000000000000000000000000000]
[0000000000000000000000000000]
[0000000000000000000000000000]
[0000000000000000000000000000]
[0000000000000000000000000000]
[0000000000110000000000000000]
[0000000000100000000000000000]
[0000000001100000000000000000]
[0000000001100000000000000000]
[0000000011111100000000000000]
[0000001111111110000000000000]
[0000111111111100001110000000]
[0000011111110000000010000000]
[0000011111100000001110000000]
[0000000001100000011110000000]
[0000000111100000011100000000]
[0000001111100000011110000000]
[0000011110000001111100000000]
[0000011111111001111000000000]
[0000011110001111111000000000]
[0000011111111111111000000000]
[0000000111000001110000000000]
[0000000111000001100000000000]
[0000000011111111100000000000]
[0000000000111111110000000000]
[0000000001111111111000000000]
[0000000001111101110000000000]
[0000000001111111000000000000]
[0000001111111110000000000000]
[0000111111111110000000000000]
[0001111000011110000000000000]
[0000110000011111000000000000]
[000011100000011000000000000]
[0000000000001110000000000000]
[0000000000001100000000000000]
[0000000000000000000000000000]
[0000000000000000000000000000]
[0000000000000000000000000000]
[0000000000000000000000000000]]
:[[8088888888]
[8888888888]
[8888888888]
[8888888888]
[8888888888]
[8888888888]
[8888888888]]:

[[0000000000000000000000000000]
[0000000000000000000000000000]
[0000000000000000000000000000]
[0000000000000000000000000000]
[0000000000000000000000000000]]
:[[1111111111]
[1111111111]
[1111111111]]:

[[0000000000000000000000000000]
[0000000000000000000000000000]
[0000000000000000000000000000]
[0000000000000000000000000000]
[0000000000000000000000000000]
[0000000000000000000000000000]
[0000000000011111000000000000]
[0000000000111111100000000000]
[0000000011110011100000000000]
[0000000111000011100000000000]
[0000001110000011100000000000]
[0000001100000011100000000000]
[0000000110000001000000000000]
[0000000000000001000000000000]
[0000000000000011000000000000]
[0000000000000011000000000000]
[0000000000000111000000000000]
[0000000000000110000000000000]
[0000000000000110000000000000]
[0000000000001110000000000000]
[0000000000011000000000000000]
[0000000000110000000000000000]
[0000000001110000000000000000]
[0000000011100000001000000000]
[0000001110000000111000000000]
[0000011110000011110000000000]
[0000011111111111110000000000]
[0000011111111111111111000000]
[0000111111110000001111100000]
[0000111100000000000111100000]
[0000011100000011111001100000]
[0000011111000000011111000000]
[0000001100000111111000000000]
[0000001110000011100000000000]
[0000000111000000011000000000]
[0000000000000000111000000000]
[0000000000000000111000000000]
[0000000000000000110000000000]
[0000000000000000011000000000]
[0000000000000000011000000000]
[0000000000000000111000000000]
[0000000000000001111000000000]
[0000000000000001111000000000]
[0000000000000000111000000000]
[0000000000000001110000000000]
[0000000000000110000000000000]
[0000000000000000000000000000]
[0000000000000000000000000000]
[0000000000000000000000000000]
[0000000000000001110000000000]
[0000000000000111111000000000]
[0000000000000111111000000000]
[0000000000000111111100000000]
[0000000000001111111100000000]
[0000000000011111111100000000]
[0000000001111111111100000000]
[0000000011100000111000000000]
[0000000011000011110000000000]
[0000000001110000000000000000]
[0000000001100000000000000000]
[0000000000000000000111000000]
[0000000000000000110001100000]
[0000000000000000111100000000]
[0000000000000011111000000000]
[0000000000000011110000000000]
[0000000000000011100000000000]
[0000000000000111100000000000]
[0000000000001111000000000000]
[0000000000001110000000000000]
[0000000000001000000000000000]
[0000000000001110000000000000]
[0000000000000111000000000000]
[0000000000001110000000000000]
[000000000000000000000000000]
[000000000000000000000000000]
[0000000000000000000000000000]]
:[[8888888888]
[8888888888]
[8888888888]
[8888888888]
[8888888888]
[8888888888]
[8888888888]
[8888888888]
[8888888888]
[8888888888]
[8888888888]
[8888888888]]:

[[0000000000000000000000000000]
[0000000000000000000000000000]]
:[55555555555]
[5555555555]
[5555555555]
[5555555555]]:

[[0000000000000000000000000000]
[0000000000000000000000000000]
[0000000000000000000000000000]
[0000000000000000000000000000]
[0000000000000000000000000000]
[0000000000000000000000000000]
[0000000000000000000000000000]
[0000000000011111110000000000]
[0000000011111111111000000000]
[0000000011100001111000000000]
[0000000001000001100000000000]
[0000000000111111100000000000]
[0000000000011111000000000000]
[0000000000011110000000000000]
[0000000000110000001100000000]
[0000000000110000001100000000]
[0000000000000000000100000000]
[0000000000000000011000000000]
[0000000000000000011000000000]
[0000000000000000000000000000]
[0000000000000000000000000000]
[0000000000000000000000000000]]
:[[1111111111]
[1111111111]
[1111111111]]:

[[0000000000000000000000000000]
[0000000000000000000000000000]
[0000000000000000000000000000]
[0000000000000000000000000000]
[0000000111000000111000000000]
[0000000111111111100000000000]
[0000000011111111000000000000]
[0000000001111100000000000000]
[0000000011111110000000000000]
[0000000011111110000000000000]
[0000000000001100000000000000]
[0000000000001100000000000000]
[0000000000111000000000000000]
[0000000000000000000000000000]
[0000000000000000000000000000]
[0000000000000000000000000000]
[0000000000000000000000000000]
[0000000000000000000000000000]
[0000000000000000000000000000]
[0000000000000000111000000000]
[0000000000000010111100000000]
[0000000000000000001100000000]
[0000000011100000110000000000]
[0000000001000011100000000000]
[0000000001100000110000000000]
[0000000001100000011000000000]
[0000000001100000001100000000]
[0000000000000110001100000000]
[0000000000000000000000000000]
[0000000000000000000000000000]
[0000000000000000000000000000]
[0000000000000000000000000000]
[0000000000000000000000000000]]
:[[1111111111]
[1111111111]
[1111111111]]:

[[0000000000000000000000000000]
[0000000000000000000000000000]
[0000000000000000000000000000]
[0000000000000000000000000000]
[0000000000000111001110000000]
[0000000000011111111111000000]
[0000000001111000111111000000]
[0000000001111111111111000000]
[0000000001111111110110000000]
[0000000001111111110100000000]
[0000000011111000111000000000]
[0000000011111100111100000000]
[0000000011111111111000000000]
[0000000011111111110000000000]
[0000000011111101110000000000]
[0000000011111111110000000000]
[0000000011111111100000000000]
[0000000001111111100000000000]
[0000000000111111100000000000]
[0000000000111111000000000000]
[0000000001111111000000000000]
[0000000011111111000000000000]
[0000000011111100000000000000]
[0000000000000000000000000000]
[0000000000000000000000000000]]
:[[5555555555]
[5555555555]
[5555555555]
[5555555555]
[5555555555]
[5555555555]
[5555555555]
[5555555555]
[5555555555]
[5555555555]
[5555555555]
[5555555555]
[5555555555]
[5555555555]
[5555555555]]:

[[0000000000000000000000000000]
[0000000000000000000000000000]
[0000000000000000000000000000]
[0000000000000000011100000000]
[0000000000000000011110000000]
[0000000000000000011110000000]
[0000000000000000111100000000]
[0000000000000011111000000000]
[0000000000000011110000000000]
[0000000000000011000000000000]
[0000000000000011000000000000]
[0000000000000000000000000000]
[0000000000000000000000000000]
[0000000000000000000000000000]
[0000000000000000000000000000]
[0000000000000000000000000000]]
:[[9999999999]
[9999999999]
[9999999999]
[9999999999]
[9999999999]
[9999999999]
[9999999999]
[9999999999]]:

[[0000000000000000000000000000]
[0000000000000000000000000000]
[0000000000000000000000000000]]
:[[2222222222]
[2222222222]
[2222222222]
[2222222222]
[2222222222]
[2222222222]
[2222222222]
[2222222222]
[2222222222]]:

[[0000000000000000000000000000]
[0000000000000000000000000000]
[0000000000000000000000000000]
[0000000000000000000000000000]]
:[[1111111111]
[1111111111]
[1111111111]
[1111111111]
[1111111111]
[1111111111]
[1111111111]
[1111111111]
[1111111111]]:

[[0000000000000000000000000000]
[0000000000000000000000000000]
[0000000000000000000000000000]
[0000000000000011000000100000]
[0000000000000110000011100000]
[0000000000110000001111000000]
[0000000011100000001110000000]
[0000000001100001111100000000]
[0000000001111000000000000000]
[0000000000000000000000000000]
[0000000000000000000000000000]
[0000000000000000000000000000]
[0000000000000000000000000000]
[0000000000000000000000000000]
[0000000000000000000000000000]
[0000000000000000000000000000]]
:[[1111111111]
[1111111111]]:

[[0000000000000000000000000000]
[0000000000000000000000000000]]
:[[8888888888]
[8888888888]
[8888888888]
[8888888888]]:

[[0000000000000000000000000000]
[0000000000000000000000000000]
[0000000000000000000000000000]
[0000000000000000000000000000]]
:[[7777777777]
[7777777777]
[7777777777]
[7777777777]
[7777777777]
[7777777777]
[7777777777]
[7777777777]]:

[[0000000000000000000000000000]
[0000000000000000000000000000]
[0000000000000000000000000000]
[0000000000000000111000000000]
[0000000000000000111000000000]
[0000000000000000110000100000]
[0000000000000000000111000000]
[0000000000000000001111000000]
[0000000000000000011111000000]
[0000000000000000111111000000]
[0000000000000000001111000000]
[0000000000000000000011100000]
[0000000000000000001111100000]
[0000000000000011111111000000]
[0000000001111111101110000000]
[0000001111111111100000000000]
[0000001111111110000000000000]
[0000000000000000000000000000]
[0000000000000000000000000000]
[0000000000000000000000000000]
[0000000000000000000000000000]
[0000000000011111100000000000]
[0000000000111111000000000000]
[0000000000011100000000000000]
[0000000000011000000000000000]
[0000000000001110000000000000]
[0000000000000110000000000000]
[0000000000001110000000000000]
[0000000000001110000000000000]
[0000000001110000000000000000]
[0000000111000000000000000000]
[0000000000000011000000000000]
[0000000000000111000000000000]
[0000000000001100000000000000]
[0000000000011100000000000000]
[0000000000011100000000000000]
[0000000001111000000000000000]
[0000000011111100000000000000]
[0000000111111000000100000000]
[0000000010000000000111000000]
[0000000110000000000011100000]
[0000000100000000000111000000]
[0000000011000000000111000000]
[0000011111111111111100000000]
[0000001111111111111000000000]
[0000000111100011111000000000]
[0000000011100000011000000000]
[0000000001100000011000000000]
[0000000000001100001100000000]
[0000000000100000011100000000]
[0000000011100000111000000000]
[0000000000000000110000000000]
[0000000000000000010000000000]
[0000000000000000011000000000]
[0000000000000000000000000000]
[0000000000000000000000000000]
[0000000000000000000000000000]
[0000000000000000000000000000]
[0000000000000000000000100000]
[0000000000010000000001100000]
[0000000001100000000011000000]
[0000000011000000000110000000]
[0000000110000000010110000000]
[0000001100000000000110000000]
[0000000000000000000111000000]
[0000000000000000000100000000]
[0000000000000000000000000000]
[0000000000000000000000000000]
[0000000000000000000000000000]
[0000000000000000000000000000]
[0000000000000000000000000000]
[0000000000011000000000000000]
[0000000000111000000000000000]
[0000000000000000000000000000]
[0000000000000000000111100000]
[0000000000011111111111100000]
[0000000000110000111111100000]
[0000000000100000000111000000]
[0000000000111000000001100000]
[0000000000111100000111000000]
[0000000000011000011110000000]
[0000000000011111111000000000]
[0000000000000000110000000000]
[0000000000000000110000000000]
[0000000000000000010000000000]
[0000000000000000110000000000]
[0000000000000001110000000000]
[0000000000000011110000000000]
[0000000000000111100000000000]
[0000000000000001100000000000]
[0000000000000001000000000000]
[0000000000000011000000000000]
[0000000000000000000000000000]
[0000000000000000000000000000]
[0000000000000000000000000000]
[0000000000000000000000000000]
[0000000000000000000000000000]
[0000000000000000000000000000]
[0000000000000000000000000000]]
:[[1111111111]
[1111111111]
[1111111111]
[1111111111]]:

[[0000000000000000000000000000]
[0000000000000000000000000000]
[0000000000000000000000000000]
[0000000000000000011111100000]
[0000000000000111111111000000]
[00000000000011111111111000000]
[00000000000111111111111000000]
[0000000000111111100011000000]
[0000000000111000000111000000]
[0000000001111110000011000000]
[0000001111000100000001100000]
[0000001111000000000101100000]
[000000011110000000011100000]
[0000001110000000111111000000]
[0000001111111111111111000000]
[0000001111111111111110000000]
[0000011110000000111110000000]
[0000011000001000011100000000]
[0000000111100000111000000000]
[0000000011000000110000000000]
[0000000001100000001000000000]
[0000011100000000000001000000]
[00001110000000000000000000000]
[0000000000000000000000000000]
[0000000000000000000000000000]
[0000000000000000000000000000]
[0000000000000000000000000000]
[0000000000000000000000000000]
[0000000000000000000000000000]
[0000000001110000000000000000]
[0000000001110000000000000000]
[0000000111111000000000000000]
[0000000111111000000000000000]
[0000001111000111111000000000]
[0000000111111011111000000000]
[0000000111111111111000000000]
[0000000111000011110000000000]
[0000000011000111000000000000]
[0000000011111011000000000000]
[0000000001111110000000000000]
[0000000001000110000000000000]
[0000000000011000000000000000]
[0000000000110000000000000000]
[0000000000000000000000000000]
[0000000000000000000000000000]
[0000000000000000000000000000]
[0000000000000000000000000000]]
:[[3333333333]
[3333333333]
[3333333333]
[3333333333]
[3333333333]
[3333333333]
[3333333333]
[3333333333]
[3333333333]
[3333333333]
[3333333333]]:

[[0000000000000000000000000000]
[0000000000000000000000000000]
[0000000000000000000000000000]
[0000000000000000000000000000]
[0000000000000000000000000000]
[0000000000000000000000000000]
[0000000000111111000000000000]
[0000000011111111110000000000]
[0000000111111111111100000000]
[000000001111111011100000000]
[000000000111000000000000000]
[0000000000000000000000000000]
[0000000000000000000000000000]]
:[[[000000000]
[100000000000]
[00000000000]
[0000000000]
[0000000000]
[0000000000]
[0000000000]
[0000000000]]:

[[0000000000000000000000000000]
[0000000000000000000000000000]
[0000000000000000000000000000]]
:[[8888888888]
[8888888888]
[8888888888]
[8888888888]
[8888888888]
[8888888888]
[8888888888]
[8888888888]
[8888888888]
[8888888888]
[8888888888]]:

[[0000000000000000000000000000]
[0000000000000000000000000000]
[0000000000000000000000000000]
[0000000000000000000000000000]]
:[[0000000000]
[0000000000]
[0000000000]
[0000000000]
[0000000000]
[0000000000]
[0000000000]
[0000000000]
[0000000000]
[0000000000]
[0000000000]]:

[[0000000000000000000000000000]
[0000000000000000000000000000]
[0000000000000000000000000000]
[0000000000000000000000000000]
[0000000000000000000000000000]]
:[[6666666666]]:

[[0000000000000000000000000000]
[0000000000000000000000000000]
[0000000000000000000000000000]]
:[[6666666666]
[6666666666]
[6666666666]
[6666666666]
[6666666666]
[6666666666]
[6666666666]
[6666666666]
[6666666666]
[6666666666]
[6666666666]
[6666666666]
[6666666666]
[6666666666]]:

[[0000000000000000000000000000]
[0000000000000000000000000000]
[0000000000000000000000000000]
[0000000000000000000000000000]
[0000000000000000000000000000]
[0000000000000000000000000000]
[0000000000000000000000000000]
[0000000000000000000000000000]
[0000000000000000000000000000]
[0000000000000000000000000000]
[0000000000000000000000000000]]
:[[1111111111]
[1111111111]
[1111111111]
[1111111111]
[1111111111]
[1111111111]
[11111111111]
[1111111111]
[1111111111]]:

[[0000000000000000000000000000]
[0000000000000000000000000000]
[0000000000000111100000000000]
[0000000000011111100000000000]
[0000000000001100000000000000]
[0000000000001100000000000000]
[0000000000001100000000000000]
[0000000000000000000000000000]
[0000000000000000000000000000]
[0000000000000000000000000000]
[0000000000000000000000000000]
[0000000000000000000000000000]]
:[[7777777777]
[7777777777]
[7777777777]
[7777777777]
[7777777777]
[7777777777]
[7777777777]
[7777777777]]:

[[0000000000000000000000000000]
[0000000000000000000000000000]
[0000000000000000000000000000]
[0000000000000111100000000000]
[00000000000000011100
